(kicad_pcb (version 20171130) (host pcbnew 5.1.5)

  (general
    (thickness 1.6)
    (drawings 7)
    (tracks 289)
    (zones 0)
    (modules 45)
    (nets 188)
  )

  (page A4)
  (layers
    (0 F.Cu signal)
    (31 B.Cu signal)
    (32 B.Adhes user)
    (33 F.Adhes user)
    (34 B.Paste user)
    (35 F.Paste user)
    (36 B.SilkS user)
    (37 F.SilkS user)
    (38 B.Mask user)
    (39 F.Mask user)
    (40 Dwgs.User user)
    (41 Cmts.User user)
    (42 Eco1.User user)
    (43 Eco2.User user)
    (44 Edge.Cuts user)
    (45 Margin user)
    (46 B.CrtYd user)
    (47 F.CrtYd user)
    (48 B.Fab user)
    (49 F.Fab user)
  )

  (setup
    (last_trace_width 0.25)
    (user_trace_width 0.5)
    (user_trace_width 0.75)
    (user_trace_width 1)
    (trace_clearance 0.2)
    (zone_clearance 0.508)
    (zone_45_only no)
    (trace_min 0.2)
    (via_size 0.8)
    (via_drill 0.4)
    (via_min_size 0.4)
    (via_min_drill 0.3)
    (uvia_size 0.3)
    (uvia_drill 0.1)
    (uvias_allowed no)
    (uvia_min_size 0.2)
    (uvia_min_drill 0.1)
    (edge_width 0.05)
    (segment_width 0.2)
    (pcb_text_width 0.3)
    (pcb_text_size 1.5 1.5)
    (mod_edge_width 0.12)
    (mod_text_size 1 1)
    (mod_text_width 0.15)
    (pad_size 1.7 1.7)
    (pad_drill 1)
    (pad_to_mask_clearance 0.051)
    (solder_mask_min_width 0.25)
    (aux_axis_origin 0 0)
    (visible_elements FFFFFF7F)
    (pcbplotparams
      (layerselection 0x010f0_ffffffff)
      (usegerberextensions true)
      (usegerberattributes false)
      (usegerberadvancedattributes false)
      (creategerberjobfile false)
      (excludeedgelayer true)
      (linewidth 0.100000)
      (plotframeref false)
      (viasonmask false)
      (mode 1)
      (useauxorigin false)
      (hpglpennumber 1)
      (hpglpenspeed 20)
      (hpglpendiameter 15.000000)
      (psnegative false)
      (psa4output false)
      (plotreference true)
      (plotvalue true)
      (plotinvisibletext false)
      (padsonsilk false)
      (subtractmaskfromsilk false)
      (outputformat 1)
      (mirror false)
      (drillshape 0)
      (scaleselection 1)
      (outputdirectory "gerber/"))
  )

  (net 0 "")
  (net 1 "Net-(J1-Pad16)")
  (net 2 "Net-(J1-Pad15)")
  (net 3 "Net-(J1-Pad12)")
  (net 4 "Net-(J1-Pad11)")
  (net 5 "Net-(J1-Pad10)")
  (net 6 "Net-(J1-Pad9)")
  (net 7 "Net-(J1-Pad8)")
  (net 8 "Net-(J1-Pad7)")
  (net 9 "Net-(J1-Pad6)")
  (net 10 "Net-(J1-Pad5)")
  (net 11 "Net-(J1-Pad4)")
  (net 12 "Net-(J1-Pad3)")
  (net 13 "Net-(J2-Pad16)")
  (net 14 "Net-(J2-Pad15)")
  (net 15 "Net-(J2-Pad12)")
  (net 16 "Net-(J2-Pad11)")
  (net 17 "Net-(J2-Pad10)")
  (net 18 "Net-(J2-Pad9)")
  (net 19 "Net-(J2-Pad8)")
  (net 20 "Net-(J2-Pad7)")
  (net 21 "Net-(J2-Pad6)")
  (net 22 "Net-(J2-Pad5)")
  (net 23 "Net-(J2-Pad4)")
  (net 24 "Net-(J2-Pad3)")
  (net 25 "Net-(J3-Pad16)")
  (net 26 "Net-(J3-Pad15)")
  (net 27 "Net-(J3-Pad12)")
  (net 28 "Net-(J3-Pad11)")
  (net 29 "Net-(J3-Pad10)")
  (net 30 "Net-(J3-Pad9)")
  (net 31 "Net-(J3-Pad8)")
  (net 32 "Net-(J3-Pad7)")
  (net 33 "Net-(J3-Pad6)")
  (net 34 "Net-(J3-Pad5)")
  (net 35 "Net-(J3-Pad4)")
  (net 36 "Net-(J3-Pad3)")
  (net 37 "Net-(J4-Pad16)")
  (net 38 "Net-(J4-Pad15)")
  (net 39 "Net-(J4-Pad12)")
  (net 40 "Net-(J4-Pad11)")
  (net 41 "Net-(J4-Pad10)")
  (net 42 "Net-(J4-Pad9)")
  (net 43 "Net-(J4-Pad8)")
  (net 44 "Net-(J4-Pad7)")
  (net 45 "Net-(J4-Pad6)")
  (net 46 "Net-(J4-Pad5)")
  (net 47 "Net-(J4-Pad4)")
  (net 48 "Net-(J4-Pad3)")
  (net 49 "Net-(J5-Pad16)")
  (net 50 "Net-(J5-Pad15)")
  (net 51 "Net-(J5-Pad12)")
  (net 52 "Net-(J5-Pad11)")
  (net 53 "Net-(J5-Pad10)")
  (net 54 "Net-(J5-Pad9)")
  (net 55 "Net-(J5-Pad8)")
  (net 56 "Net-(J5-Pad7)")
  (net 57 "Net-(J5-Pad6)")
  (net 58 "Net-(J5-Pad5)")
  (net 59 "Net-(J5-Pad4)")
  (net 60 "Net-(J5-Pad3)")
  (net 61 "Net-(J6-Pad16)")
  (net 62 "Net-(J6-Pad15)")
  (net 63 "Net-(J6-Pad12)")
  (net 64 "Net-(J6-Pad11)")
  (net 65 "Net-(J6-Pad10)")
  (net 66 "Net-(J6-Pad9)")
  (net 67 "Net-(J6-Pad8)")
  (net 68 "Net-(J6-Pad7)")
  (net 69 "Net-(J6-Pad6)")
  (net 70 "Net-(J6-Pad5)")
  (net 71 "Net-(J6-Pad4)")
  (net 72 "Net-(J6-Pad3)")
  (net 73 "Net-(J7-Pad4)")
  (net 74 "Net-(J7-Pad3)")
  (net 75 "Net-(J7-Pad2)")
  (net 76 VCC)
  (net 77 GND)
  (net 78 SDA0)
  (net 79 SCL0)
  (net 80 "Net-(J1-Pad36)")
  (net 81 "Net-(J1-Pad33)")
  (net 82 "Net-(J1-Pad32)")
  (net 83 "Net-(J1-Pad27)")
  (net 84 "Net-(J1-Pad26)")
  (net 85 "Net-(J1-Pad25)")
  (net 86 "Net-(J1-Pad24)")
  (net 87 "Net-(J1-Pad23)")
  (net 88 "Net-(J1-Pad22)")
  (net 89 "Net-(J1-Pad21)")
  (net 90 "Net-(J1-Pad20)")
  (net 91 "Net-(J1-Pad19)")
  (net 92 "Net-(J2-Pad36)")
  (net 93 "Net-(J2-Pad33)")
  (net 94 "Net-(J2-Pad32)")
  (net 95 "Net-(J2-Pad27)")
  (net 96 "Net-(J2-Pad26)")
  (net 97 "Net-(J2-Pad25)")
  (net 98 "Net-(J2-Pad24)")
  (net 99 "Net-(J2-Pad23)")
  (net 100 "Net-(J2-Pad22)")
  (net 101 "Net-(J2-Pad21)")
  (net 102 "Net-(J2-Pad20)")
  (net 103 "Net-(J2-Pad19)")
  (net 104 "Net-(J3-Pad36)")
  (net 105 "Net-(J3-Pad33)")
  (net 106 "Net-(J3-Pad32)")
  (net 107 "Net-(J3-Pad27)")
  (net 108 "Net-(J3-Pad26)")
  (net 109 "Net-(J3-Pad25)")
  (net 110 "Net-(J3-Pad24)")
  (net 111 "Net-(J3-Pad23)")
  (net 112 "Net-(J3-Pad22)")
  (net 113 "Net-(J3-Pad21)")
  (net 114 "Net-(J3-Pad20)")
  (net 115 "Net-(J3-Pad19)")
  (net 116 "Net-(J4-Pad36)")
  (net 117 "Net-(J4-Pad33)")
  (net 118 "Net-(J4-Pad32)")
  (net 119 "Net-(J4-Pad27)")
  (net 120 "Net-(J4-Pad26)")
  (net 121 "Net-(J4-Pad25)")
  (net 122 "Net-(J4-Pad24)")
  (net 123 "Net-(J4-Pad23)")
  (net 124 "Net-(J4-Pad22)")
  (net 125 "Net-(J4-Pad21)")
  (net 126 "Net-(J4-Pad20)")
  (net 127 "Net-(J4-Pad19)")
  (net 128 "Net-(J5-Pad36)")
  (net 129 "Net-(J5-Pad33)")
  (net 130 "Net-(J5-Pad32)")
  (net 131 "Net-(J5-Pad27)")
  (net 132 "Net-(J5-Pad26)")
  (net 133 "Net-(J5-Pad25)")
  (net 134 "Net-(J5-Pad24)")
  (net 135 "Net-(J5-Pad23)")
  (net 136 "Net-(J5-Pad22)")
  (net 137 "Net-(J5-Pad21)")
  (net 138 "Net-(J5-Pad20)")
  (net 139 "Net-(J5-Pad19)")
  (net 140 "Net-(J6-Pad36)")
  (net 141 "Net-(J6-Pad33)")
  (net 142 "Net-(J6-Pad32)")
  (net 143 "Net-(J6-Pad27)")
  (net 144 "Net-(J6-Pad26)")
  (net 145 "Net-(J6-Pad25)")
  (net 146 "Net-(J6-Pad24)")
  (net 147 "Net-(J6-Pad23)")
  (net 148 "Net-(J6-Pad22)")
  (net 149 "Net-(J6-Pad21)")
  (net 150 "Net-(J6-Pad20)")
  (net 151 "Net-(J6-Pad19)")
  (net 152 /Sheet5E64FF21/DAC1)
  (net 153 /Sheet5E64FF21/DAC0)
  (net 154 /sheet5E64FF89/DAC1)
  (net 155 /sheet5E64FF89/DAC0)
  (net 156 /sheet5E64FFD2/DAC1)
  (net 157 /sheet5E64FFD2/DAC0)
  (net 158 /sheet5E64FFD4/DAC1)
  (net 159 /sheet5E64FFD4/DAC0)
  (net 160 /sheet5E650030/DAC1)
  (net 161 /sheet5E650030/DAC0)
  (net 162 /sheet5E650032/DAC1)
  (net 163 /sheet5E650032/DAC0)
  (net 164 /Sheet5E64FF21/ADC7)
  (net 165 /Sheet5E64FF21/ADC6)
  (net 166 /sheet5E64FF89/ADC7)
  (net 167 /sheet5E64FF89/ADC6)
  (net 168 /sheet5E64FFD2/ADC7)
  (net 169 /sheet5E64FFD2/ADC6)
  (net 170 /sheet5E64FFD4/ADC7)
  (net 171 /sheet5E64FFD4/ADC6)
  (net 172 /sheet5E650030/ADC7)
  (net 173 /sheet5E650030/ADC6)
  (net 174 /sheet5E650032/ADC7)
  (net 175 /sheet5E650032/ADC6)
  (net 176 "Net-(J1-Pad1)")
  (net 177 "Net-(J1-Pad2)")
  (net 178 "Net-(J2-Pad1)")
  (net 179 "Net-(J2-Pad2)")
  (net 180 "Net-(J3-Pad1)")
  (net 181 "Net-(J3-Pad2)")
  (net 182 "Net-(J4-Pad1)")
  (net 183 "Net-(J4-Pad2)")
  (net 184 "Net-(J5-Pad1)")
  (net 185 "Net-(J5-Pad2)")
  (net 186 "Net-(J6-Pad1)")
  (net 187 "Net-(J6-Pad2)")

  (net_class Default "Dies ist die voreingestellte Netzklasse."
    (clearance 0.2)
    (trace_width 0.25)
    (via_dia 0.8)
    (via_drill 0.4)
    (uvia_dia 0.3)
    (uvia_drill 0.1)
    (add_net /Sheet5E64FF21/ADC6)
    (add_net /Sheet5E64FF21/ADC7)
    (add_net /Sheet5E64FF21/DAC0)
    (add_net /Sheet5E64FF21/DAC1)
    (add_net /sheet5E64FF89/ADC6)
    (add_net /sheet5E64FF89/ADC7)
    (add_net /sheet5E64FF89/DAC0)
    (add_net /sheet5E64FF89/DAC1)
    (add_net /sheet5E64FFD2/ADC6)
    (add_net /sheet5E64FFD2/ADC7)
    (add_net /sheet5E64FFD2/DAC0)
    (add_net /sheet5E64FFD2/DAC1)
    (add_net /sheet5E64FFD4/ADC6)
    (add_net /sheet5E64FFD4/ADC7)
    (add_net /sheet5E64FFD4/DAC0)
    (add_net /sheet5E64FFD4/DAC1)
    (add_net /sheet5E650030/ADC6)
    (add_net /sheet5E650030/ADC7)
    (add_net /sheet5E650030/DAC0)
    (add_net /sheet5E650030/DAC1)
    (add_net /sheet5E650032/ADC6)
    (add_net /sheet5E650032/ADC7)
    (add_net /sheet5E650032/DAC0)
    (add_net /sheet5E650032/DAC1)
    (add_net GND)
    (add_net "Net-(J1-Pad1)")
    (add_net "Net-(J1-Pad10)")
    (add_net "Net-(J1-Pad11)")
    (add_net "Net-(J1-Pad12)")
    (add_net "Net-(J1-Pad15)")
    (add_net "Net-(J1-Pad16)")
    (add_net "Net-(J1-Pad19)")
    (add_net "Net-(J1-Pad2)")
    (add_net "Net-(J1-Pad20)")
    (add_net "Net-(J1-Pad21)")
    (add_net "Net-(J1-Pad22)")
    (add_net "Net-(J1-Pad23)")
    (add_net "Net-(J1-Pad24)")
    (add_net "Net-(J1-Pad25)")
    (add_net "Net-(J1-Pad26)")
    (add_net "Net-(J1-Pad27)")
    (add_net "Net-(J1-Pad3)")
    (add_net "Net-(J1-Pad32)")
    (add_net "Net-(J1-Pad33)")
    (add_net "Net-(J1-Pad36)")
    (add_net "Net-(J1-Pad4)")
    (add_net "Net-(J1-Pad5)")
    (add_net "Net-(J1-Pad6)")
    (add_net "Net-(J1-Pad7)")
    (add_net "Net-(J1-Pad8)")
    (add_net "Net-(J1-Pad9)")
    (add_net "Net-(J2-Pad1)")
    (add_net "Net-(J2-Pad10)")
    (add_net "Net-(J2-Pad11)")
    (add_net "Net-(J2-Pad12)")
    (add_net "Net-(J2-Pad15)")
    (add_net "Net-(J2-Pad16)")
    (add_net "Net-(J2-Pad19)")
    (add_net "Net-(J2-Pad2)")
    (add_net "Net-(J2-Pad20)")
    (add_net "Net-(J2-Pad21)")
    (add_net "Net-(J2-Pad22)")
    (add_net "Net-(J2-Pad23)")
    (add_net "Net-(J2-Pad24)")
    (add_net "Net-(J2-Pad25)")
    (add_net "Net-(J2-Pad26)")
    (add_net "Net-(J2-Pad27)")
    (add_net "Net-(J2-Pad3)")
    (add_net "Net-(J2-Pad32)")
    (add_net "Net-(J2-Pad33)")
    (add_net "Net-(J2-Pad36)")
    (add_net "Net-(J2-Pad4)")
    (add_net "Net-(J2-Pad5)")
    (add_net "Net-(J2-Pad6)")
    (add_net "Net-(J2-Pad7)")
    (add_net "Net-(J2-Pad8)")
    (add_net "Net-(J2-Pad9)")
    (add_net "Net-(J3-Pad1)")
    (add_net "Net-(J3-Pad10)")
    (add_net "Net-(J3-Pad11)")
    (add_net "Net-(J3-Pad12)")
    (add_net "Net-(J3-Pad15)")
    (add_net "Net-(J3-Pad16)")
    (add_net "Net-(J3-Pad19)")
    (add_net "Net-(J3-Pad2)")
    (add_net "Net-(J3-Pad20)")
    (add_net "Net-(J3-Pad21)")
    (add_net "Net-(J3-Pad22)")
    (add_net "Net-(J3-Pad23)")
    (add_net "Net-(J3-Pad24)")
    (add_net "Net-(J3-Pad25)")
    (add_net "Net-(J3-Pad26)")
    (add_net "Net-(J3-Pad27)")
    (add_net "Net-(J3-Pad3)")
    (add_net "Net-(J3-Pad32)")
    (add_net "Net-(J3-Pad33)")
    (add_net "Net-(J3-Pad36)")
    (add_net "Net-(J3-Pad4)")
    (add_net "Net-(J3-Pad5)")
    (add_net "Net-(J3-Pad6)")
    (add_net "Net-(J3-Pad7)")
    (add_net "Net-(J3-Pad8)")
    (add_net "Net-(J3-Pad9)")
    (add_net "Net-(J4-Pad1)")
    (add_net "Net-(J4-Pad10)")
    (add_net "Net-(J4-Pad11)")
    (add_net "Net-(J4-Pad12)")
    (add_net "Net-(J4-Pad15)")
    (add_net "Net-(J4-Pad16)")
    (add_net "Net-(J4-Pad19)")
    (add_net "Net-(J4-Pad2)")
    (add_net "Net-(J4-Pad20)")
    (add_net "Net-(J4-Pad21)")
    (add_net "Net-(J4-Pad22)")
    (add_net "Net-(J4-Pad23)")
    (add_net "Net-(J4-Pad24)")
    (add_net "Net-(J4-Pad25)")
    (add_net "Net-(J4-Pad26)")
    (add_net "Net-(J4-Pad27)")
    (add_net "Net-(J4-Pad3)")
    (add_net "Net-(J4-Pad32)")
    (add_net "Net-(J4-Pad33)")
    (add_net "Net-(J4-Pad36)")
    (add_net "Net-(J4-Pad4)")
    (add_net "Net-(J4-Pad5)")
    (add_net "Net-(J4-Pad6)")
    (add_net "Net-(J4-Pad7)")
    (add_net "Net-(J4-Pad8)")
    (add_net "Net-(J4-Pad9)")
    (add_net "Net-(J5-Pad1)")
    (add_net "Net-(J5-Pad10)")
    (add_net "Net-(J5-Pad11)")
    (add_net "Net-(J5-Pad12)")
    (add_net "Net-(J5-Pad15)")
    (add_net "Net-(J5-Pad16)")
    (add_net "Net-(J5-Pad19)")
    (add_net "Net-(J5-Pad2)")
    (add_net "Net-(J5-Pad20)")
    (add_net "Net-(J5-Pad21)")
    (add_net "Net-(J5-Pad22)")
    (add_net "Net-(J5-Pad23)")
    (add_net "Net-(J5-Pad24)")
    (add_net "Net-(J5-Pad25)")
    (add_net "Net-(J5-Pad26)")
    (add_net "Net-(J5-Pad27)")
    (add_net "Net-(J5-Pad3)")
    (add_net "Net-(J5-Pad32)")
    (add_net "Net-(J5-Pad33)")
    (add_net "Net-(J5-Pad36)")
    (add_net "Net-(J5-Pad4)")
    (add_net "Net-(J5-Pad5)")
    (add_net "Net-(J5-Pad6)")
    (add_net "Net-(J5-Pad7)")
    (add_net "Net-(J5-Pad8)")
    (add_net "Net-(J5-Pad9)")
    (add_net "Net-(J6-Pad1)")
    (add_net "Net-(J6-Pad10)")
    (add_net "Net-(J6-Pad11)")
    (add_net "Net-(J6-Pad12)")
    (add_net "Net-(J6-Pad15)")
    (add_net "Net-(J6-Pad16)")
    (add_net "Net-(J6-Pad19)")
    (add_net "Net-(J6-Pad2)")
    (add_net "Net-(J6-Pad20)")
    (add_net "Net-(J6-Pad21)")
    (add_net "Net-(J6-Pad22)")
    (add_net "Net-(J6-Pad23)")
    (add_net "Net-(J6-Pad24)")
    (add_net "Net-(J6-Pad25)")
    (add_net "Net-(J6-Pad26)")
    (add_net "Net-(J6-Pad27)")
    (add_net "Net-(J6-Pad3)")
    (add_net "Net-(J6-Pad32)")
    (add_net "Net-(J6-Pad33)")
    (add_net "Net-(J6-Pad36)")
    (add_net "Net-(J6-Pad4)")
    (add_net "Net-(J6-Pad5)")
    (add_net "Net-(J6-Pad6)")
    (add_net "Net-(J6-Pad7)")
    (add_net "Net-(J6-Pad8)")
    (add_net "Net-(J6-Pad9)")
    (add_net "Net-(J7-Pad2)")
    (add_net "Net-(J7-Pad3)")
    (add_net "Net-(J7-Pad4)")
    (add_net SCL0)
    (add_net SDA0)
    (add_net VCC)
  )

  (module Resistor_SMD:R_0805_2012Metric (layer F.Cu) (tedit 5B36C52B) (tstamp 5E8A700E)
    (at 89.5835 158.75 180)
    (descr "Resistor SMD 0805 (2012 Metric), square (rectangular) end terminal, IPC_7351 nominal, (Body size source: https://docs.google.com/spreadsheets/d/1BsfQQcO9C6DZCsRaXUlFlo91Tg2WpOkGARC1WS5S8t0/edit?usp=sharing), generated with kicad-footprint-generator")
    (tags resistor)
    (path /5E64FF89/5E6B0410)
    (attr smd)
    (fp_text reference R12 (at 0 -1.65) (layer F.SilkS)
      (effects (font (size 1 1) (thickness 0.15)))
    )
    (fp_text value R (at 0 1.65) (layer F.Fab)
      (effects (font (size 1 1) (thickness 0.15)))
    )
    (fp_text user %R (at 0 0) (layer F.Fab)
      (effects (font (size 0.5 0.5) (thickness 0.08)))
    )
    (fp_line (start 1.68 0.95) (end -1.68 0.95) (layer F.CrtYd) (width 0.05))
    (fp_line (start 1.68 -0.95) (end 1.68 0.95) (layer F.CrtYd) (width 0.05))
    (fp_line (start -1.68 -0.95) (end 1.68 -0.95) (layer F.CrtYd) (width 0.05))
    (fp_line (start -1.68 0.95) (end -1.68 -0.95) (layer F.CrtYd) (width 0.05))
    (fp_line (start -0.258578 0.71) (end 0.258578 0.71) (layer F.SilkS) (width 0.12))
    (fp_line (start -0.258578 -0.71) (end 0.258578 -0.71) (layer F.SilkS) (width 0.12))
    (fp_line (start 1 0.6) (end -1 0.6) (layer F.Fab) (width 0.1))
    (fp_line (start 1 -0.6) (end 1 0.6) (layer F.Fab) (width 0.1))
    (fp_line (start -1 -0.6) (end 1 -0.6) (layer F.Fab) (width 0.1))
    (fp_line (start -1 0.6) (end -1 -0.6) (layer F.Fab) (width 0.1))
    (pad 2 smd roundrect (at 0.9375 0 180) (size 0.975 1.4) (layers F.Cu F.Paste F.Mask) (roundrect_rratio 0.25)
      (net 78 SDA0))
    (pad 1 smd roundrect (at -0.9375 0 180) (size 0.975 1.4) (layers F.Cu F.Paste F.Mask) (roundrect_rratio 0.25)
      (net 179 "Net-(J2-Pad2)"))
    (model ${KISYS3DMOD}/Resistor_SMD.3dshapes/R_0805_2012Metric.wrl
      (at (xyz 0 0 0))
      (scale (xyz 1 1 1))
      (rotate (xyz 0 0 0))
    )
  )

  (module Resistor_SMD:R_0805_2012Metric (layer F.Cu) (tedit 5B36C52B) (tstamp 5E8A6FFD)
    (at 89.5835 156.21 180)
    (descr "Resistor SMD 0805 (2012 Metric), square (rectangular) end terminal, IPC_7351 nominal, (Body size source: https://docs.google.com/spreadsheets/d/1BsfQQcO9C6DZCsRaXUlFlo91Tg2WpOkGARC1WS5S8t0/edit?usp=sharing), generated with kicad-footprint-generator")
    (tags resistor)
    (path /5E64FF89/5E6AFDAF)
    (attr smd)
    (fp_text reference R11 (at 0 -1.65) (layer F.SilkS)
      (effects (font (size 1 1) (thickness 0.15)))
    )
    (fp_text value R (at 0 1.65) (layer F.Fab)
      (effects (font (size 1 1) (thickness 0.15)))
    )
    (fp_text user %R (at 0 0) (layer F.Fab)
      (effects (font (size 0.5 0.5) (thickness 0.08)))
    )
    (fp_line (start 1.68 0.95) (end -1.68 0.95) (layer F.CrtYd) (width 0.05))
    (fp_line (start 1.68 -0.95) (end 1.68 0.95) (layer F.CrtYd) (width 0.05))
    (fp_line (start -1.68 -0.95) (end 1.68 -0.95) (layer F.CrtYd) (width 0.05))
    (fp_line (start -1.68 0.95) (end -1.68 -0.95) (layer F.CrtYd) (width 0.05))
    (fp_line (start -0.258578 0.71) (end 0.258578 0.71) (layer F.SilkS) (width 0.12))
    (fp_line (start -0.258578 -0.71) (end 0.258578 -0.71) (layer F.SilkS) (width 0.12))
    (fp_line (start 1 0.6) (end -1 0.6) (layer F.Fab) (width 0.1))
    (fp_line (start 1 -0.6) (end 1 0.6) (layer F.Fab) (width 0.1))
    (fp_line (start -1 -0.6) (end 1 -0.6) (layer F.Fab) (width 0.1))
    (fp_line (start -1 0.6) (end -1 -0.6) (layer F.Fab) (width 0.1))
    (pad 2 smd roundrect (at 0.9375 0 180) (size 0.975 1.4) (layers F.Cu F.Paste F.Mask) (roundrect_rratio 0.25)
      (net 79 SCL0))
    (pad 1 smd roundrect (at -0.9375 0 180) (size 0.975 1.4) (layers F.Cu F.Paste F.Mask) (roundrect_rratio 0.25)
      (net 179 "Net-(J2-Pad2)"))
    (model ${KISYS3DMOD}/Resistor_SMD.3dshapes/R_0805_2012Metric.wrl
      (at (xyz 0 0 0))
      (scale (xyz 1 1 1))
      (rotate (xyz 0 0 0))
    )
  )

  (module Resistor_SMD:R_0805_2012Metric (layer F.Cu) (tedit 5B36C52B) (tstamp 5E8A6FEC)
    (at 55.372 158.75 180)
    (descr "Resistor SMD 0805 (2012 Metric), square (rectangular) end terminal, IPC_7351 nominal, (Body size source: https://docs.google.com/spreadsheets/d/1BsfQQcO9C6DZCsRaXUlFlo91Tg2WpOkGARC1WS5S8t0/edit?usp=sharing), generated with kicad-footprint-generator")
    (tags resistor)
    (path /5E64FF22/5E6B0410)
    (attr smd)
    (fp_text reference R10 (at 0 -1.65) (layer F.SilkS)
      (effects (font (size 1 1) (thickness 0.15)))
    )
    (fp_text value R (at 0 1.65) (layer F.Fab)
      (effects (font (size 1 1) (thickness 0.15)))
    )
    (fp_text user %R (at 0 0) (layer F.Fab)
      (effects (font (size 0.5 0.5) (thickness 0.08)))
    )
    (fp_line (start 1.68 0.95) (end -1.68 0.95) (layer F.CrtYd) (width 0.05))
    (fp_line (start 1.68 -0.95) (end 1.68 0.95) (layer F.CrtYd) (width 0.05))
    (fp_line (start -1.68 -0.95) (end 1.68 -0.95) (layer F.CrtYd) (width 0.05))
    (fp_line (start -1.68 0.95) (end -1.68 -0.95) (layer F.CrtYd) (width 0.05))
    (fp_line (start -0.258578 0.71) (end 0.258578 0.71) (layer F.SilkS) (width 0.12))
    (fp_line (start -0.258578 -0.71) (end 0.258578 -0.71) (layer F.SilkS) (width 0.12))
    (fp_line (start 1 0.6) (end -1 0.6) (layer F.Fab) (width 0.1))
    (fp_line (start 1 -0.6) (end 1 0.6) (layer F.Fab) (width 0.1))
    (fp_line (start -1 -0.6) (end 1 -0.6) (layer F.Fab) (width 0.1))
    (fp_line (start -1 0.6) (end -1 -0.6) (layer F.Fab) (width 0.1))
    (pad 2 smd roundrect (at 0.9375 0 180) (size 0.975 1.4) (layers F.Cu F.Paste F.Mask) (roundrect_rratio 0.25)
      (net 78 SDA0))
    (pad 1 smd roundrect (at -0.9375 0 180) (size 0.975 1.4) (layers F.Cu F.Paste F.Mask) (roundrect_rratio 0.25)
      (net 177 "Net-(J1-Pad2)"))
    (model ${KISYS3DMOD}/Resistor_SMD.3dshapes/R_0805_2012Metric.wrl
      (at (xyz 0 0 0))
      (scale (xyz 1 1 1))
      (rotate (xyz 0 0 0))
    )
  )

  (module Resistor_SMD:R_0805_2012Metric (layer F.Cu) (tedit 5B36C52B) (tstamp 5E8A6FDB)
    (at 55.372 156.21 180)
    (descr "Resistor SMD 0805 (2012 Metric), square (rectangular) end terminal, IPC_7351 nominal, (Body size source: https://docs.google.com/spreadsheets/d/1BsfQQcO9C6DZCsRaXUlFlo91Tg2WpOkGARC1WS5S8t0/edit?usp=sharing), generated with kicad-footprint-generator")
    (tags resistor)
    (path /5E64FF22/5E6AFDAF)
    (attr smd)
    (fp_text reference R9 (at 0 1.778) (layer F.SilkS)
      (effects (font (size 1 1) (thickness 0.15)))
    )
    (fp_text value R (at 0 1.65) (layer F.Fab)
      (effects (font (size 1 1) (thickness 0.15)))
    )
    (fp_line (start -1 0.6) (end -1 -0.6) (layer F.Fab) (width 0.1))
    (fp_line (start -1 -0.6) (end 1 -0.6) (layer F.Fab) (width 0.1))
    (fp_line (start 1 -0.6) (end 1 0.6) (layer F.Fab) (width 0.1))
    (fp_line (start 1 0.6) (end -1 0.6) (layer F.Fab) (width 0.1))
    (fp_line (start -0.258578 -0.71) (end 0.258578 -0.71) (layer F.SilkS) (width 0.12))
    (fp_line (start -0.258578 0.71) (end 0.258578 0.71) (layer F.SilkS) (width 0.12))
    (fp_line (start -1.68 0.95) (end -1.68 -0.95) (layer F.CrtYd) (width 0.05))
    (fp_line (start -1.68 -0.95) (end 1.68 -0.95) (layer F.CrtYd) (width 0.05))
    (fp_line (start 1.68 -0.95) (end 1.68 0.95) (layer F.CrtYd) (width 0.05))
    (fp_line (start 1.68 0.95) (end -1.68 0.95) (layer F.CrtYd) (width 0.05))
    (fp_text user %R (at 0 0) (layer F.Fab)
      (effects (font (size 0.5 0.5) (thickness 0.08)))
    )
    (pad 1 smd roundrect (at -0.9375 0 180) (size 0.975 1.4) (layers F.Cu F.Paste F.Mask) (roundrect_rratio 0.25)
      (net 177 "Net-(J1-Pad2)"))
    (pad 2 smd roundrect (at 0.9375 0 180) (size 0.975 1.4) (layers F.Cu F.Paste F.Mask) (roundrect_rratio 0.25)
      (net 79 SCL0))
    (model ${KISYS3DMOD}/Resistor_SMD.3dshapes/R_0805_2012Metric.wrl
      (at (xyz 0 0 0))
      (scale (xyz 1 1 1))
      (rotate (xyz 0 0 0))
    )
  )

  (module Resistor_SMD:R_0805_2012Metric (layer F.Cu) (tedit 5B36C52B) (tstamp 5E8A6FCA)
    (at 122.8575 158.75 180)
    (descr "Resistor SMD 0805 (2012 Metric), square (rectangular) end terminal, IPC_7351 nominal, (Body size source: https://docs.google.com/spreadsheets/d/1BsfQQcO9C6DZCsRaXUlFlo91Tg2WpOkGARC1WS5S8t0/edit?usp=sharing), generated with kicad-footprint-generator")
    (tags resistor)
    (path /5E64FFD2/5E6B0410)
    (attr smd)
    (fp_text reference R8 (at 0 -1.65) (layer F.SilkS)
      (effects (font (size 1 1) (thickness 0.15)))
    )
    (fp_text value R (at 0 1.65) (layer F.Fab)
      (effects (font (size 1 1) (thickness 0.15)))
    )
    (fp_text user %R (at 0 0) (layer F.Fab)
      (effects (font (size 0.5 0.5) (thickness 0.08)))
    )
    (fp_line (start 1.68 0.95) (end -1.68 0.95) (layer F.CrtYd) (width 0.05))
    (fp_line (start 1.68 -0.95) (end 1.68 0.95) (layer F.CrtYd) (width 0.05))
    (fp_line (start -1.68 -0.95) (end 1.68 -0.95) (layer F.CrtYd) (width 0.05))
    (fp_line (start -1.68 0.95) (end -1.68 -0.95) (layer F.CrtYd) (width 0.05))
    (fp_line (start -0.258578 0.71) (end 0.258578 0.71) (layer F.SilkS) (width 0.12))
    (fp_line (start -0.258578 -0.71) (end 0.258578 -0.71) (layer F.SilkS) (width 0.12))
    (fp_line (start 1 0.6) (end -1 0.6) (layer F.Fab) (width 0.1))
    (fp_line (start 1 -0.6) (end 1 0.6) (layer F.Fab) (width 0.1))
    (fp_line (start -1 -0.6) (end 1 -0.6) (layer F.Fab) (width 0.1))
    (fp_line (start -1 0.6) (end -1 -0.6) (layer F.Fab) (width 0.1))
    (pad 2 smd roundrect (at 0.9375 0 180) (size 0.975 1.4) (layers F.Cu F.Paste F.Mask) (roundrect_rratio 0.25)
      (net 78 SDA0))
    (pad 1 smd roundrect (at -0.9375 0 180) (size 0.975 1.4) (layers F.Cu F.Paste F.Mask) (roundrect_rratio 0.25)
      (net 181 "Net-(J3-Pad2)"))
    (model ${KISYS3DMOD}/Resistor_SMD.3dshapes/R_0805_2012Metric.wrl
      (at (xyz 0 0 0))
      (scale (xyz 1 1 1))
      (rotate (xyz 0 0 0))
    )
  )

  (module Resistor_SMD:R_0805_2012Metric (layer F.Cu) (tedit 5B36C52B) (tstamp 5E8A6FB9)
    (at 122.8575 156.21 180)
    (descr "Resistor SMD 0805 (2012 Metric), square (rectangular) end terminal, IPC_7351 nominal, (Body size source: https://docs.google.com/spreadsheets/d/1BsfQQcO9C6DZCsRaXUlFlo91Tg2WpOkGARC1WS5S8t0/edit?usp=sharing), generated with kicad-footprint-generator")
    (tags resistor)
    (path /5E64FFD2/5E6AFDAF)
    (attr smd)
    (fp_text reference R7 (at 0 -1.65) (layer F.SilkS)
      (effects (font (size 1 1) (thickness 0.15)))
    )
    (fp_text value R (at 0 1.65) (layer F.Fab)
      (effects (font (size 1 1) (thickness 0.15)))
    )
    (fp_text user %R (at 0 0) (layer F.Fab)
      (effects (font (size 0.5 0.5) (thickness 0.08)))
    )
    (fp_line (start 1.68 0.95) (end -1.68 0.95) (layer F.CrtYd) (width 0.05))
    (fp_line (start 1.68 -0.95) (end 1.68 0.95) (layer F.CrtYd) (width 0.05))
    (fp_line (start -1.68 -0.95) (end 1.68 -0.95) (layer F.CrtYd) (width 0.05))
    (fp_line (start -1.68 0.95) (end -1.68 -0.95) (layer F.CrtYd) (width 0.05))
    (fp_line (start -0.258578 0.71) (end 0.258578 0.71) (layer F.SilkS) (width 0.12))
    (fp_line (start -0.258578 -0.71) (end 0.258578 -0.71) (layer F.SilkS) (width 0.12))
    (fp_line (start 1 0.6) (end -1 0.6) (layer F.Fab) (width 0.1))
    (fp_line (start 1 -0.6) (end 1 0.6) (layer F.Fab) (width 0.1))
    (fp_line (start -1 -0.6) (end 1 -0.6) (layer F.Fab) (width 0.1))
    (fp_line (start -1 0.6) (end -1 -0.6) (layer F.Fab) (width 0.1))
    (pad 2 smd roundrect (at 0.9375 0 180) (size 0.975 1.4) (layers F.Cu F.Paste F.Mask) (roundrect_rratio 0.25)
      (net 79 SCL0))
    (pad 1 smd roundrect (at -0.9375 0 180) (size 0.975 1.4) (layers F.Cu F.Paste F.Mask) (roundrect_rratio 0.25)
      (net 181 "Net-(J3-Pad2)"))
    (model ${KISYS3DMOD}/Resistor_SMD.3dshapes/R_0805_2012Metric.wrl
      (at (xyz 0 0 0))
      (scale (xyz 1 1 1))
      (rotate (xyz 0 0 0))
    )
  )

  (module Resistor_SMD:R_0805_2012Metric (layer F.Cu) (tedit 5B36C52B) (tstamp 5E8A6FA8)
    (at 130.0988 82.55)
    (descr "Resistor SMD 0805 (2012 Metric), square (rectangular) end terminal, IPC_7351 nominal, (Body size source: https://docs.google.com/spreadsheets/d/1BsfQQcO9C6DZCsRaXUlFlo91Tg2WpOkGARC1WS5S8t0/edit?usp=sharing), generated with kicad-footprint-generator")
    (tags resistor)
    (path /5E64FFD4/5E6B0410)
    (attr smd)
    (fp_text reference R6 (at 0 -1.65) (layer F.SilkS)
      (effects (font (size 1 1) (thickness 0.15)))
    )
    (fp_text value R (at 0 1.65) (layer F.Fab)
      (effects (font (size 1 1) (thickness 0.15)))
    )
    (fp_text user %R (at 0 0) (layer F.Fab)
      (effects (font (size 0.5 0.5) (thickness 0.08)))
    )
    (fp_line (start 1.68 0.95) (end -1.68 0.95) (layer F.CrtYd) (width 0.05))
    (fp_line (start 1.68 -0.95) (end 1.68 0.95) (layer F.CrtYd) (width 0.05))
    (fp_line (start -1.68 -0.95) (end 1.68 -0.95) (layer F.CrtYd) (width 0.05))
    (fp_line (start -1.68 0.95) (end -1.68 -0.95) (layer F.CrtYd) (width 0.05))
    (fp_line (start -0.258578 0.71) (end 0.258578 0.71) (layer F.SilkS) (width 0.12))
    (fp_line (start -0.258578 -0.71) (end 0.258578 -0.71) (layer F.SilkS) (width 0.12))
    (fp_line (start 1 0.6) (end -1 0.6) (layer F.Fab) (width 0.1))
    (fp_line (start 1 -0.6) (end 1 0.6) (layer F.Fab) (width 0.1))
    (fp_line (start -1 -0.6) (end 1 -0.6) (layer F.Fab) (width 0.1))
    (fp_line (start -1 0.6) (end -1 -0.6) (layer F.Fab) (width 0.1))
    (pad 2 smd roundrect (at 0.9375 0) (size 0.975 1.4) (layers F.Cu F.Paste F.Mask) (roundrect_rratio 0.25)
      (net 78 SDA0))
    (pad 1 smd roundrect (at -0.9375 0) (size 0.975 1.4) (layers F.Cu F.Paste F.Mask) (roundrect_rratio 0.25)
      (net 183 "Net-(J4-Pad2)"))
    (model ${KISYS3DMOD}/Resistor_SMD.3dshapes/R_0805_2012Metric.wrl
      (at (xyz 0 0 0))
      (scale (xyz 1 1 1))
      (rotate (xyz 0 0 0))
    )
  )

  (module Resistor_SMD:R_0805_2012Metric (layer F.Cu) (tedit 5B36C52B) (tstamp 5E8A6F97)
    (at 130.1265 85.09)
    (descr "Resistor SMD 0805 (2012 Metric), square (rectangular) end terminal, IPC_7351 nominal, (Body size source: https://docs.google.com/spreadsheets/d/1BsfQQcO9C6DZCsRaXUlFlo91Tg2WpOkGARC1WS5S8t0/edit?usp=sharing), generated with kicad-footprint-generator")
    (tags resistor)
    (path /5E64FFD4/5E6AFDAF)
    (attr smd)
    (fp_text reference R5 (at 0 -1.65) (layer F.SilkS)
      (effects (font (size 1 1) (thickness 0.15)))
    )
    (fp_text value R (at 0 1.65) (layer F.Fab)
      (effects (font (size 1 1) (thickness 0.15)))
    )
    (fp_text user %R (at 0 0) (layer F.Fab)
      (effects (font (size 0.5 0.5) (thickness 0.08)))
    )
    (fp_line (start 1.68 0.95) (end -1.68 0.95) (layer F.CrtYd) (width 0.05))
    (fp_line (start 1.68 -0.95) (end 1.68 0.95) (layer F.CrtYd) (width 0.05))
    (fp_line (start -1.68 -0.95) (end 1.68 -0.95) (layer F.CrtYd) (width 0.05))
    (fp_line (start -1.68 0.95) (end -1.68 -0.95) (layer F.CrtYd) (width 0.05))
    (fp_line (start -0.258578 0.71) (end 0.258578 0.71) (layer F.SilkS) (width 0.12))
    (fp_line (start -0.258578 -0.71) (end 0.258578 -0.71) (layer F.SilkS) (width 0.12))
    (fp_line (start 1 0.6) (end -1 0.6) (layer F.Fab) (width 0.1))
    (fp_line (start 1 -0.6) (end 1 0.6) (layer F.Fab) (width 0.1))
    (fp_line (start -1 -0.6) (end 1 -0.6) (layer F.Fab) (width 0.1))
    (fp_line (start -1 0.6) (end -1 -0.6) (layer F.Fab) (width 0.1))
    (pad 2 smd roundrect (at 0.9375 0) (size 0.975 1.4) (layers F.Cu F.Paste F.Mask) (roundrect_rratio 0.25)
      (net 79 SCL0))
    (pad 1 smd roundrect (at -0.9375 0) (size 0.975 1.4) (layers F.Cu F.Paste F.Mask) (roundrect_rratio 0.25)
      (net 183 "Net-(J4-Pad2)"))
    (model ${KISYS3DMOD}/Resistor_SMD.3dshapes/R_0805_2012Metric.wrl
      (at (xyz 0 0 0))
      (scale (xyz 1 1 1))
      (rotate (xyz 0 0 0))
    )
  )

  (module Resistor_SMD:R_0805_2012Metric (layer F.Cu) (tedit 5B36C52B) (tstamp 5E8A6F86)
    (at 63.6755 82.55)
    (descr "Resistor SMD 0805 (2012 Metric), square (rectangular) end terminal, IPC_7351 nominal, (Body size source: https://docs.google.com/spreadsheets/d/1BsfQQcO9C6DZCsRaXUlFlo91Tg2WpOkGARC1WS5S8t0/edit?usp=sharing), generated with kicad-footprint-generator")
    (tags resistor)
    (path /5E650032/5E6B0410)
    (attr smd)
    (fp_text reference R4 (at 0 -1.65) (layer F.SilkS)
      (effects (font (size 1 1) (thickness 0.15)))
    )
    (fp_text value R (at 0 1.65) (layer F.Fab)
      (effects (font (size 1 1) (thickness 0.15)))
    )
    (fp_text user %R (at 0 0) (layer F.Fab)
      (effects (font (size 0.5 0.5) (thickness 0.08)))
    )
    (fp_line (start 1.68 0.95) (end -1.68 0.95) (layer F.CrtYd) (width 0.05))
    (fp_line (start 1.68 -0.95) (end 1.68 0.95) (layer F.CrtYd) (width 0.05))
    (fp_line (start -1.68 -0.95) (end 1.68 -0.95) (layer F.CrtYd) (width 0.05))
    (fp_line (start -1.68 0.95) (end -1.68 -0.95) (layer F.CrtYd) (width 0.05))
    (fp_line (start -0.258578 0.71) (end 0.258578 0.71) (layer F.SilkS) (width 0.12))
    (fp_line (start -0.258578 -0.71) (end 0.258578 -0.71) (layer F.SilkS) (width 0.12))
    (fp_line (start 1 0.6) (end -1 0.6) (layer F.Fab) (width 0.1))
    (fp_line (start 1 -0.6) (end 1 0.6) (layer F.Fab) (width 0.1))
    (fp_line (start -1 -0.6) (end 1 -0.6) (layer F.Fab) (width 0.1))
    (fp_line (start -1 0.6) (end -1 -0.6) (layer F.Fab) (width 0.1))
    (pad 2 smd roundrect (at 0.9375 0) (size 0.975 1.4) (layers F.Cu F.Paste F.Mask) (roundrect_rratio 0.25)
      (net 78 SDA0))
    (pad 1 smd roundrect (at -0.9375 0) (size 0.975 1.4) (layers F.Cu F.Paste F.Mask) (roundrect_rratio 0.25)
      (net 187 "Net-(J6-Pad2)"))
    (model ${KISYS3DMOD}/Resistor_SMD.3dshapes/R_0805_2012Metric.wrl
      (at (xyz 0 0 0))
      (scale (xyz 1 1 1))
      (rotate (xyz 0 0 0))
    )
  )

  (module Resistor_SMD:R_0805_2012Metric (layer F.Cu) (tedit 5B36C52B) (tstamp 5E8A6F75)
    (at 63.6755 85.09)
    (descr "Resistor SMD 0805 (2012 Metric), square (rectangular) end terminal, IPC_7351 nominal, (Body size source: https://docs.google.com/spreadsheets/d/1BsfQQcO9C6DZCsRaXUlFlo91Tg2WpOkGARC1WS5S8t0/edit?usp=sharing), generated with kicad-footprint-generator")
    (tags resistor)
    (path /5E650032/5E6AFDAF)
    (attr smd)
    (fp_text reference R3 (at 0 -1.65) (layer F.SilkS)
      (effects (font (size 1 1) (thickness 0.15)))
    )
    (fp_text value R (at 0 1.65) (layer F.Fab)
      (effects (font (size 1 1) (thickness 0.15)))
    )
    (fp_text user %R (at 0 0) (layer F.Fab)
      (effects (font (size 0.5 0.5) (thickness 0.08)))
    )
    (fp_line (start 1.68 0.95) (end -1.68 0.95) (layer F.CrtYd) (width 0.05))
    (fp_line (start 1.68 -0.95) (end 1.68 0.95) (layer F.CrtYd) (width 0.05))
    (fp_line (start -1.68 -0.95) (end 1.68 -0.95) (layer F.CrtYd) (width 0.05))
    (fp_line (start -1.68 0.95) (end -1.68 -0.95) (layer F.CrtYd) (width 0.05))
    (fp_line (start -0.258578 0.71) (end 0.258578 0.71) (layer F.SilkS) (width 0.12))
    (fp_line (start -0.258578 -0.71) (end 0.258578 -0.71) (layer F.SilkS) (width 0.12))
    (fp_line (start 1 0.6) (end -1 0.6) (layer F.Fab) (width 0.1))
    (fp_line (start 1 -0.6) (end 1 0.6) (layer F.Fab) (width 0.1))
    (fp_line (start -1 -0.6) (end 1 -0.6) (layer F.Fab) (width 0.1))
    (fp_line (start -1 0.6) (end -1 -0.6) (layer F.Fab) (width 0.1))
    (pad 2 smd roundrect (at 0.9375 0) (size 0.975 1.4) (layers F.Cu F.Paste F.Mask) (roundrect_rratio 0.25)
      (net 79 SCL0))
    (pad 1 smd roundrect (at -0.9375 0) (size 0.975 1.4) (layers F.Cu F.Paste F.Mask) (roundrect_rratio 0.25)
      (net 187 "Net-(J6-Pad2)"))
    (model ${KISYS3DMOD}/Resistor_SMD.3dshapes/R_0805_2012Metric.wrl
      (at (xyz 0 0 0))
      (scale (xyz 1 1 1))
      (rotate (xyz 0 0 0))
    )
  )

  (module Resistor_SMD:R_0805_2012Metric (layer F.Cu) (tedit 5B36C52B) (tstamp 5E8A6F64)
    (at 96.4415 82.55)
    (descr "Resistor SMD 0805 (2012 Metric), square (rectangular) end terminal, IPC_7351 nominal, (Body size source: https://docs.google.com/spreadsheets/d/1BsfQQcO9C6DZCsRaXUlFlo91Tg2WpOkGARC1WS5S8t0/edit?usp=sharing), generated with kicad-footprint-generator")
    (tags resistor)
    (path /5E650030/5E6B0410)
    (attr smd)
    (fp_text reference R2 (at 0 -1.65) (layer F.SilkS)
      (effects (font (size 1 1) (thickness 0.15)))
    )
    (fp_text value R (at 0 1.65) (layer F.Fab)
      (effects (font (size 1 1) (thickness 0.15)))
    )
    (fp_text user %R (at 0 0) (layer F.Fab)
      (effects (font (size 0.5 0.5) (thickness 0.08)))
    )
    (fp_line (start 1.68 0.95) (end -1.68 0.95) (layer F.CrtYd) (width 0.05))
    (fp_line (start 1.68 -0.95) (end 1.68 0.95) (layer F.CrtYd) (width 0.05))
    (fp_line (start -1.68 -0.95) (end 1.68 -0.95) (layer F.CrtYd) (width 0.05))
    (fp_line (start -1.68 0.95) (end -1.68 -0.95) (layer F.CrtYd) (width 0.05))
    (fp_line (start -0.258578 0.71) (end 0.258578 0.71) (layer F.SilkS) (width 0.12))
    (fp_line (start -0.258578 -0.71) (end 0.258578 -0.71) (layer F.SilkS) (width 0.12))
    (fp_line (start 1 0.6) (end -1 0.6) (layer F.Fab) (width 0.1))
    (fp_line (start 1 -0.6) (end 1 0.6) (layer F.Fab) (width 0.1))
    (fp_line (start -1 -0.6) (end 1 -0.6) (layer F.Fab) (width 0.1))
    (fp_line (start -1 0.6) (end -1 -0.6) (layer F.Fab) (width 0.1))
    (pad 2 smd roundrect (at 0.9375 0) (size 0.975 1.4) (layers F.Cu F.Paste F.Mask) (roundrect_rratio 0.25)
      (net 78 SDA0))
    (pad 1 smd roundrect (at -0.9375 0) (size 0.975 1.4) (layers F.Cu F.Paste F.Mask) (roundrect_rratio 0.25)
      (net 185 "Net-(J5-Pad2)"))
    (model ${KISYS3DMOD}/Resistor_SMD.3dshapes/R_0805_2012Metric.wrl
      (at (xyz 0 0 0))
      (scale (xyz 1 1 1))
      (rotate (xyz 0 0 0))
    )
  )

  (module Resistor_SMD:R_0805_2012Metric (layer F.Cu) (tedit 5B36C52B) (tstamp 5E8A6F53)
    (at 96.4415 85.09)
    (descr "Resistor SMD 0805 (2012 Metric), square (rectangular) end terminal, IPC_7351 nominal, (Body size source: https://docs.google.com/spreadsheets/d/1BsfQQcO9C6DZCsRaXUlFlo91Tg2WpOkGARC1WS5S8t0/edit?usp=sharing), generated with kicad-footprint-generator")
    (tags resistor)
    (path /5E650030/5E6AFDAF)
    (attr smd)
    (fp_text reference R1 (at 0 -1.65) (layer F.SilkS)
      (effects (font (size 1 1) (thickness 0.15)))
    )
    (fp_text value R (at 0 1.65) (layer F.Fab)
      (effects (font (size 1 1) (thickness 0.15)))
    )
    (fp_text user %R (at 0 0) (layer F.Fab)
      (effects (font (size 0.5 0.5) (thickness 0.08)))
    )
    (fp_line (start 1.68 0.95) (end -1.68 0.95) (layer F.CrtYd) (width 0.05))
    (fp_line (start 1.68 -0.95) (end 1.68 0.95) (layer F.CrtYd) (width 0.05))
    (fp_line (start -1.68 -0.95) (end 1.68 -0.95) (layer F.CrtYd) (width 0.05))
    (fp_line (start -1.68 0.95) (end -1.68 -0.95) (layer F.CrtYd) (width 0.05))
    (fp_line (start -0.258578 0.71) (end 0.258578 0.71) (layer F.SilkS) (width 0.12))
    (fp_line (start -0.258578 -0.71) (end 0.258578 -0.71) (layer F.SilkS) (width 0.12))
    (fp_line (start 1 0.6) (end -1 0.6) (layer F.Fab) (width 0.1))
    (fp_line (start 1 -0.6) (end 1 0.6) (layer F.Fab) (width 0.1))
    (fp_line (start -1 -0.6) (end 1 -0.6) (layer F.Fab) (width 0.1))
    (fp_line (start -1 0.6) (end -1 -0.6) (layer F.Fab) (width 0.1))
    (pad 2 smd roundrect (at 0.9375 0) (size 0.975 1.4) (layers F.Cu F.Paste F.Mask) (roundrect_rratio 0.25)
      (net 79 SCL0))
    (pad 1 smd roundrect (at -0.9375 0) (size 0.975 1.4) (layers F.Cu F.Paste F.Mask) (roundrect_rratio 0.25)
      (net 185 "Net-(J5-Pad2)"))
    (model ${KISYS3DMOD}/Resistor_SMD.3dshapes/R_0805_2012Metric.wrl
      (at (xyz 0 0 0))
      (scale (xyz 1 1 1))
      (rotate (xyz 0 0 0))
    )
  )

  (module Resistor_SMD:R_0805_2012Metric (layer F.Cu) (tedit 5B36C52B) (tstamp 5E8A6F42)
    (at 88.5675 135.89 180)
    (descr "Resistor SMD 0805 (2012 Metric), square (rectangular) end terminal, IPC_7351 nominal, (Body size source: https://docs.google.com/spreadsheets/d/1BsfQQcO9C6DZCsRaXUlFlo91Tg2WpOkGARC1WS5S8t0/edit?usp=sharing), generated with kicad-footprint-generator")
    (tags resistor)
    (path /5E64FF89/5E6AB464)
    (attr smd)
    (fp_text reference JP35 (at 0 -1.65) (layer F.SilkS)
      (effects (font (size 1 1) (thickness 0.15)))
    )
    (fp_text value Jumper (at 0 1.65) (layer F.Fab)
      (effects (font (size 1 1) (thickness 0.15)))
    )
    (fp_line (start -1 0.6) (end -1 -0.6) (layer F.Fab) (width 0.1))
    (fp_line (start -1 -0.6) (end 1 -0.6) (layer F.Fab) (width 0.1))
    (fp_line (start 1 -0.6) (end 1 0.6) (layer F.Fab) (width 0.1))
    (fp_line (start 1 0.6) (end -1 0.6) (layer F.Fab) (width 0.1))
    (fp_line (start -0.258578 -0.71) (end 0.258578 -0.71) (layer F.SilkS) (width 0.12))
    (fp_line (start -0.258578 0.71) (end 0.258578 0.71) (layer F.SilkS) (width 0.12))
    (fp_line (start -1.68 0.95) (end -1.68 -0.95) (layer F.CrtYd) (width 0.05))
    (fp_line (start -1.68 -0.95) (end 1.68 -0.95) (layer F.CrtYd) (width 0.05))
    (fp_line (start 1.68 -0.95) (end 1.68 0.95) (layer F.CrtYd) (width 0.05))
    (fp_line (start 1.68 0.95) (end -1.68 0.95) (layer F.CrtYd) (width 0.05))
    (fp_text user %R (at 0 0) (layer F.Fab)
      (effects (font (size 0.5 0.5) (thickness 0.08)))
    )
    (pad 1 smd roundrect (at -0.9375 0 180) (size 0.975 1.4) (layers F.Cu F.Paste F.Mask) (roundrect_rratio 0.25)
      (net 179 "Net-(J2-Pad2)"))
    (pad 2 smd roundrect (at 0.9375 0 180) (size 0.975 1.4) (layers F.Cu F.Paste F.Mask) (roundrect_rratio 0.25)
      (net 22 "Net-(J2-Pad5)"))
    (model ${KISYS3DMOD}/Resistor_SMD.3dshapes/R_0805_2012Metric.wrl
      (at (xyz 0 0 0))
      (scale (xyz 1 1 1))
      (rotate (xyz 0 0 0))
    )
  )

  (module Resistor_SMD:R_0805_2012Metric (layer F.Cu) (tedit 5B36C52B) (tstamp 5E8AFD3F)
    (at 88.5675 133.35 180)
    (descr "Resistor SMD 0805 (2012 Metric), square (rectangular) end terminal, IPC_7351 nominal, (Body size source: https://docs.google.com/spreadsheets/d/1BsfQQcO9C6DZCsRaXUlFlo91Tg2WpOkGARC1WS5S8t0/edit?usp=sharing), generated with kicad-footprint-generator")
    (tags resistor)
    (path /5E64FF89/5E6AB067)
    (attr smd)
    (fp_text reference JP33 (at 0 -1.65) (layer F.SilkS)
      (effects (font (size 1 1) (thickness 0.15)))
    )
    (fp_text value Jumper (at 0 1.65) (layer F.Fab)
      (effects (font (size 1 1) (thickness 0.15)))
    )
    (fp_text user %R (at 0 0) (layer F.Fab)
      (effects (font (size 0.5 0.5) (thickness 0.08)))
    )
    (fp_line (start 1.68 0.95) (end -1.68 0.95) (layer F.CrtYd) (width 0.05))
    (fp_line (start 1.68 -0.95) (end 1.68 0.95) (layer F.CrtYd) (width 0.05))
    (fp_line (start -1.68 -0.95) (end 1.68 -0.95) (layer F.CrtYd) (width 0.05))
    (fp_line (start -1.68 0.95) (end -1.68 -0.95) (layer F.CrtYd) (width 0.05))
